You need to look at the source port of the UDP packets and convert
them to ascii text to see the flag -- fuck this challenge

Flag: picoCTF{p1LLf3r3d_data_v1a_st3g0}

Full conversions are in shark_on_wire2.xlsx

1104    START
1106    5112    p
1108    5097    a
1110    5097    a
1112    5097    a
1114    5097    a
1116    5097    a
1118    5105    i
1122    5099    c
1124    5111    o
1129    5067    C
1131    5084    T
1133    5070    F
1135    5123    {
1137    5112    p
1139    5049    1
1141    5076    L
1143    5076    L
1145    5102    f
1147    5051    .
1149    5097    .
1151    5097    . etc.
1156    5097
1158    5097
1160    5097
1162    5114
1164    5051
1166    5100
1168    5097
1170    5097
1172    5095
1176    5097
1178    5100
1180    5097
1185    5097
1187    5116
1189    5097
1192    5095
1196    5118
1199    5049
1201    1234
1203    1234
1205    1234
1207    1234
1209    1234
1211    1234
1216    1234
1218    1234
1220    1234
1222    1234
1224    1234
1226    1234
1230    1234
1232    1234
1234    1234
1236    1234
1238    1234
1240    1234
1245    1234
1247    1234
1249    1234
1251    1234
1253    1234
1255    1234
1257    1234
1259    1234
1261    1234
1263    1234
1265    1234
1267    5097
1272    5095
1274    5115
1276    5116
1278    5097
1280    5097
1282    5097
1284    5051
1286    5103
1288    5097
1290    5097
1292    5097
1294    5097
1296    5048
1301    5123
1303 -- END